
-0.19081395, -0.27675805, -0.02868844, -0.03103186, 0.25123846, -0.14383417, -0.08017449, -0.01881484, 0.28638111, 0.26886189, 0.02298248, 0.07159805, -0.13771332, -0.00699775, 0.21671998, 0.19422318, 0.20488236, -0.05233559, 0.00084789, -0.43257728, -0.35278149, 0.13669492, -0.06484315, -0.18043922, 0.06033690, -0.05391242, 0.26313240, -0.42747706, 0.36496775, 0.14210314, 0.16310962, -0.15784970, 0.36339663, -0.46639528, 0.28657401, 0.25574474, 0.50429234, -0.35572446, -0.48870535, 0.06543769, 0.16141569, 0.10047715, 0.33654141, -0.37363866, -0.06970031, -0.36383782, 0.32690666, -0.09229799, 0.38375370, 0.15159027
-0.36287502, 0.32621561, -0.07308371, -0.22541568, -0.43824919, 0.34971292, 0.27356782, 0.33463854, 0.15055332, -0.01752532, -0.03363812, 0.37298813, -0.37774442, 0.16381681, 0.21913619, 0.11042295, 0.10555174, -0.30676799, -0.26088964, -0.06387557, 0.16307508, 0.28612077, -0.31465615, 0.18292612, -0.07273269, 0.21708055, 0.14286103, -0.17789656, -0.06673182, -0.43309394, 0.07522529, -0.09182528, 0.39491248, -0.44510686, -0.36572656, 0.16729058, 0.25900220, 0.36852077, 0.25549127, -0.37106515, -0.05029350, -0.34780722, -0.03415757, 0.38956256, 0.02797485, 0.38259491, 0.18680739, -0.11510564, -0.02479437, 0.29134411
0.02140165, 0.26625008, -0.05615765, 0.11424463, 0.45920944, 0.17594576, 0.26512700, -0.08338666, 0.07667425, 0.21482583, 0.22597806, 0.39810015, 0.15398343, -0.39619376, 0.01959975, -0.36053290, 0.01269711, -0.19991084, -0.23732388, -0.06988634, -0.07085601, 0.45968005, -0.13394406, 0.21686405, -0.38134672, 0.26996027, -0.24767311, -0.08340292, -0.01347119, -0.04461426, 0.18525583, -0.00320263, -0.18386595, 0.26757660, 0.12802457, 0.36542291, -0.23238724, 0.31809737, -0.41522142, 0.25051942, -0.41355806, 0.36581329, -0.26288723, -0.05234624, -0.27221503, 0.07993424, 0.28386550, -0.29445482, 0.03174021, -0.17411720
0.27689375, -0.40353811, -0.16445926, -0.33690538, -0.12953317, -0.06992956, -0.20696013, 0.22573468, -0.28450537, 0.15995794, -0.17676248, -0.35192785, -0.00152413, -0.09662063, 0.38898912, 0.35684007, 0.00246450, -0.05820254, -0.30481616, -0.21689784, 0.35484591, 0.18762908, 0.25223968, -0.41721288, 0.18902027, -0.31242773, -0.04233808, 0.08457629, -0.04174456, -0.24134523, 0.44874757, 0.39812983, -0.10981592, -0.37819095, -0.36212661, 0.08424945, 0.38365314, 0.06041236, 0.23577049, -0.12342429, -0.34670544, 0.16764302, -0.42238085, 0.11971556, 0.44555490, 0.17078950, -0.06589173, -0.22174676, -0.26285661, -0.16419094
-0.13507068, 0.39251417, 0.07076024, 0.44267263, 0.20892229, -0.24125316, -0.09592923, 0.37617962, 0.16319015, 0.30549610, 0.09914804, 0.19881029, -0.37264766, -0.16723862, 0.36777877, -0.29173940, 0.07693807, 0.22408811, 0.09561661, 0.15162250, 0.04612998, 0.41388396, 0.35242075, 0.40924404, 0.05902324, -0.17073641, -0.37201669, -0.09640419, -0.33021346, -0.30133699, 0.15573877, 0.12372922, 0.13203893, 0.26756264, 0.19588819, -0.13313253, 0.18928018, -0.12146871, 0.06869941, 0.15990713, -0.35325738, 0.02386253, 0.22529582, 0.15257966, -0.21650675, -0.25001439, 0.43143363, -0.41383088, -0.36267171, -0.05301019
0.29920561, -0.20363634, -0.26155213, -0.15539429, -0.39925631, -0.10026315, 0.01223735, 0.23685039, 0.31826264, 0.11330455, -0.39836267, 0.06230300, 0.16004889, 0.28868914, -0.23314995, -0.02050348, 0.09879903, -0.33880206, 0.23016009, -0.37428846, -0.27536556, 0.13753643, -0.34958433, 0.34652930, -0.27942054, -0.37367815, -0.26736282, 0.24787579, -0.14906389, -0.07156448, 0.10268920, -0.39779191, 0.02233754, 0.17266534, -0.16941568, 0.32737307, -0.33082265, -0.13453192, -0.08158102, -0.10128311, -0.28490746, 0.23806550, -0.10923960, 0.25413240, -0.23458361, 0.11241285, 0.31556750, 0.03376408, -0.07644458, 0.14834827
-----
-0.06646504, -0.00610879, -0.09025320, 0.00420744, -0.05672159, -0.05800001, -0.08018746, -0.14269990, 0.11819909, -0.15146109, -0.01509134, -0.10300267, 0.08808471, 0.15060577, -0.11199729, -0.01806247, 0.07654523, 0.10557417, -0.01602918, -0.05758134, -0.11877397, -0.09037658, 0.01147253, 0.05281390, -0.17553207
-0.02949785, -0.11502934, -0.05270366, 0.04366705, 0.11995514, -0.05321188, 0.07834155, 0.13651833, -0.01725251, -0.08234512, 0.07958245, -0.11884895, -0.10382237, -0.02358908, -0.11251901, 0.06474412, 0.05895189, -0.08697756, 0.04851414, -0.04833097, -0.15120739, -0.14208541, -0.00206704, -0.06299533, -0.14348677
-0.02548124, -0.10152905, -0.04955652, -0.00424234, 0.10471605, 0.08065378, 0.02786346, 0.11123506, 0.08920906, 0.12549140, 0.13858688, -0.11218790, -0.00381557, 0.08306620, -0.06179322, 0.12862169, -0.01438404, 0.04450823, 0.10237742, -0.08551341, -0.14123744, 0.06651985, -0.01058515, -0.09623756, -0.02381234
0.13962332, 0.07530165, -0.10376272, 0.00875579, -0.13998753, 0.01636623, 0.02150054, 0.09831875, -0.07041030, 0.11741270, -0.03182455, 0.09658169, 0.10037165, 0.04209126, 0.05132568, 0.06850480, -0.00844674, 0.01139493, -0.05817217, -0.06190630, 0.01079141, -0.07324316, -0.01526232, -0.02055749, -0.04956201
0.06510983, -0.11457119, 0.01370273, -0.13729337, 0.08281277, -0.04164416, 0.05653741, 0.09643648, -0.00957181, -0.02172284, -0.08325313, 0.06434900, 0.05407271, 0.04309914, -0.06723228, 0.00381252, -0.02967485, -0.00093923, 0.00130365, -0.01659832, -0.11485151, 0.12487690, 0.12283154, 0.00345895, -0.03894423
0.01488311, 0.13121386, 0.16816607, 0.01942892, 0.01528656, -0.02689882, -0.00618647, -0.10479040, 0.00331784, -0.01884685, -0.06858531, -0.00681380, 0.08006442, -0.12043272, -0.12699470, -0.00149322, -0.11782482, -0.15184481, -0.07603591, -0.05820393, 0.01474765, 0.08946447, 0.13113652, -0.08016062, -0.14404519
-0.13710880, -0.07152958, 0.00575769, -0.14346809, 0.02354037, 0.04363650, -0.02293746, -0.02921138, 0.03204847, -0.13392811, 0.13224997, 0.15289865, -0.09810736, 0.14802974, 0.04930560, 0.08470045, 0.05542881, 0.04622349, 0.05481609, -0.05760920, -0.07595356, 0.02517169, 0.00856866, 0.04926001, -0.17465770
0.02111531, 0.09451127, 0.11188605, -0.13870015, 0.11220757, -0.12704432, 0.09299675, -0.05856625, -0.05125296, 0.06644469, 0.11891556, -0.09265989, 0.07852349, -0.01083119, -0.07793114, -0.01919254, -0.14483248, -0.00931866, -0.10763382, -0.05522453, -0.03669268, 0.04924653, 0.08324676, 0.01712366, -0.16805103
-0.01621203, -0.09229869, 0.09978684, 0.05042419, 0.07873772, 0.08779790, 0.04909467, 0.01604800, 0.05085423, 0.04548654, 0.02005581, 0.12452194, 0.11691247, -0.13182669, -0.07943761, 0.14431987, 0.06638305, 0.12036166, -0.01751589, -0.14180057, -0.02179414, 0.05360422, -0.01356306, -0.12528584, 0.09225106
-0.02679774, -0.06311165, 0.01054590, 0.00976569, -0.08310182, -0.00896503, -0.00785493, -0.15079973, -0.07751520, 0.04588628, -0.09342021, -0.10768126, -0.06077674, -0.08463361, 0.05966847, -0.12641660, -0.04618050, 0.00670135, 0.14570130, -0.07728362, 0.09609973, -0.12959771, 0.12370086, -0.10226137, 0.03658487
-0.14428404, 0.13121357, -0.03848924, 0.01980616, 0.13116121, -0.07243378, 0.12018475, -0.08779180, -0.03711253, -0.07345053, 0.02661362, 0.08020977, 0.00047060, -0.06887411, 0.03948661, -0.00328841, -0.08837296, -0.13124791, -0.03468197, -0.03908641, 0.04805579, -0.07799959, -0.08644183, -0.09998696, 0.11434301
-0.13216642, -0.11459903, -0.00768851, 0.04610427, -0.13659746, 0.06498702, 0.03045071, 0.10209408, -0.12685888, -0.01810058, 0.07543078, 0.00919679, -0.06640620, -0.12510314, 0.03047647, 0.01764184, -0.04544749, -0.00131597, -0.08717321, 0.02068193, 0.02695579, 0.03340295, 0.14293217, 0.11530553, -0.15848326
0.10446666, 0.07778819, -0.03356214, 0.06839861, 0.12894496, 0.05345597, -0.09645286, -0.00317217, 0.02542692, -0.15663615, -0.11376242, 0.00109440, 0.07409172, -0.03270671, 0.02371993, 0.00891693, -0.01042201, -0.02452522, -0.01229970, -0.07324227, -0.02083032, 0.01645894, 0.10966560, 0.13145771, -0.16046056
-0.10546371, 0.11355927, 0.08651060, 0.02096120, 0.01829008, -0.10005573, -0.01298642, 0.04110898, -0.05701704, -0.04647716, -0.04218706, -0.01582914, 0.01417997, 0.00897161, 0.12361348, -0.04548949, 0.11241650, 0.03304455, -0.07139673, 0.09171014, -0.09838381, -0.11180350, -0.12795812, 0.08107449, -0.14547657
-0.02723317, 0.10965708, -0.00550742, -0.02572737, -0.01158006, 0.06435078, -0.00621711, -0.12791780, 0.11615523, -0.03210314, 0.00361634, 0.07679241, -0.07207316, -0.07653386, 0.09579963, 0.03518727, 0.12951716, -0.01454627, -0.07053158, -0.05421617, 0.04933430, -0.08402492, 0.05229919, -0.06390209, -0.06462031
-0.12082192, 0.03700015, 0.02163244, -0.01629209, 0.10330269, -0.02700472, 0.04643255, 0.05400965, -0.02951287, -0.01808196, -0.04635454, 0.14009973, -0.08902847, 0.08614832, 0.11695298, 0.07139177, -0.00443687, -0.08796971, 0.09226588, -0.12254893, 0.06177887, 0.03627979, -0.09329564, 0.08346129, 0.03767195
-0.09185075, -0.11147697, 0.09491394, 0.04766235, -0.16448033, -0.06955775, -0.05639065, -0.03320878, -0.05326516, -0.15426952, 0.04502775, -0.05353372, 0.08046241, -0.00257753, -0.15674260, -0.11342060, -0.04985451, -0.00779210, -0.05731026, 0.14620249, 0.10190901, 0.04638256, -0.08696973, 0.09482114, -0.01436195
0.07044943, 0.06177818, -0.11483268, 0.09174778, 0.02065728, -0.11717765, 0.04634278, -0.04280183, -0.07220722, -0.06306730, -0.11699767, -0.05076097, -0.02805777, -0.13267030, -0.09710119, 0.05423300, -0.01880973, -0.12833521, -0.10628774, 0.03523557, 0.01697522, 0.11799405, 0.10568003, 0.03677488, 0.04875226
-0.02868048, -0.05732028, -0.09624747, 0.08030888, -0.04816998, -0.13953189, -0.03925922, 0.08847702, -0.05251377, -0.02286261, 0.05538803, -0.02713006, 0.04460973, 0.09584712, 0.05896081, 0.01943355, -0.04398552, 0.12960124, -0.08953638, 0.03143164, -0.07268428, -0.04897298, 0.04534931, 0.05031075, -0.03968121
0.05942054, 0.11829854, 0.08060461, 0.06365156, -0.07977691, -0.06279126, 0.04727846, 0.02100817, -0.02949221, -0.07585883, 0.11713305, 0.05698349, -0.00480219, 0.05516482, -0.12957314, -0.04645573, -0.02021742, 0.11984707, 0.06011106, 0.02431165, -0.14502389, 0.13239239, 0.03807963, -0.06832497, -0.06958335
-0.05859725, -0.11221871, 0.04031772, -0.03951122, -0.11798315, -0.04333168, -0.08529847, 0.01970590, 0.01546194, 0.02961271, 0.07041772, -0.00781588, -0.13855572, -0.11117060, 0.09420561, 0.00488190, -0.02838372, 0.05573688, 0.14321583, -0.10973566, -0.12984414, -0.11130286, -0.05462797, 0.12302632, -0.10467560
-0.00957009, -0.13028286, 0.02850741, -0.00162041, 0.01293148, -0.03626908, 0.18359591, 0.03243440, -0.01552751, 0.11649838, -0.02314025, 0.12558497, -0.05237031, -0.12281207, -0.07114434, -0.02736556, 0.03532024, -0.05466279, -0.00135013, 0.00912542, -0.01628812, -0.09923566, -0.01745458, 0.00114346, -0.12445253
0.01495955, -0.07791881, 0.00387984, -0.09309095, 0.02366040, 0.10327319, -0.11148026, 0.11426317, 0.02045043, -0.08276963, -0.12234823, -0.11912284, 0.10976190, 0.03741228, -0.00835909, -0.01142516, 0.06602129, 0.11751041, -0.05559560, 0.04704581, 0.03556339, 0.00539620, 0.00459220, 0.10279148, -0.01735771
-0.07580364, -0.13194749, -0.06592396, -0.13353797, 0.02717857, -0.01004891, 0.07115360, 0.09417144, -0.04937921, -0.05308227, -0.00157756, -0.01263551, -0.12494806, 0.02574350, -0.11679892, 0.05627903, -0.05694381, 0.12049829, -0.01108023, 0.13253524, 0.04784782, -0.09607415, 0.12461817, -0.15532708, 0.05687536
0.12060557, 0.01104387, -0.10001318, -0.00272263, -0.10617154, -0.01915170, -0.04444126, 0.08312496, 0.09612072, 0.02622436, 0.06158491, -0.07975856, -0.13073600, 0.05629502, 0.06749579, -0.10421563, -0.01329319, -0.01543633, 0.06858860, -0.00025464, 0.09025031, 0.00167895, 0.12499305, 0.06595124, -0.12713088
0.00567450, -0.09499434, 0.04395390, 0.01898840, 0.07791669, -0.08082844, -0.11601519, -0.00313689, 0.13787440, 0.02734327, 0.07200522, -0.03918634, -0.00845117, -0.11709402, -0.10664455, -0.15476043, -0.04117364, -0.02127716, -0.03553063, -0.05160558, -0.00186746, -0.06158506, 0.13571945, 0.12699104, 0.10901240
0.11519823, 0.03514544, -0.00895386, 0.05369552, -0.00850541, -0.00877433, -0.00381908, 0.07693593, 0.10076117, 0.09394746, -0.12572269, -0.01607159, -0.08839972, 0.02426688, 0.02016019, -0.09472010, 0.09212114, -0.13301092, 0.06712948, 0.12581111, -0.13424874, 0.03230837, -0.04147672, -0.08099562, -0.11036852
0.09209957, -0.01765834, 0.05121194, 0.08715555, -0.08884821, -0.09122205, -0.01501330, 0.07125583, 0.08082148, 0.01226985, -0.10554080, 0.02008142, -0.02712258, -0.09444958, -0.10825950, -0.04275149, -0.09479842, 0.04936486, 0.07890484, 0.11196305, 0.08766409, -0.10845246, -0.11338716, -0.01619204, -0.15048735
-0.01136100, 0.11524171, -0.13676642, 0.13388069, 0.00943519, -0.07453520, 0.16155505, 0.11031752, 0.12230628, -0.00001221, -0.03921221, -0.06072907, -0.10478222, -0.13605449, -0.00250849, 0.06419495, -0.00267394, 0.06161479, 0.10804496, 0.11232843, 0.00728835, -0.01254907, 0.05359992, -0.10594848, 0.04292753
-0.01492392, -0.02443759, 0.04233365, 0.11493064, 0.06475289, 0.08763292, -0.05023108, -0.03931113, 0.06849134, 0.13009702, -0.06020314, -0.13458535, -0.07430908, 0.09013005, 0.08280244, -0.06575923, -0.10699741, 0.01131735, 0.04805846, 0.02765745, 0.10771553, 0.11534907, 0.07110626, 0.07546128, -0.00296017
-0.09050444, 0.13451128, -0.04154686, -0.04689553, -0.07963805, -0.15283556, -0.02506062, 0.04489993, -0.11132712, -0.10833769, 0.14469337, -0.09486110, -0.10178253, 0.13528342, -0.10127338, -0.08075044, -0.14061774, -0.11948606, -0.12811349, -0.01464015, -0.13928800, -0.15154864, -0.09379806, -0.10840193, -0.06546959
0.08033817, -0.00807381, 0.02762025, -0.01066435, -0.02316385, -0.00891192, -0.04287067, 0.01272113, -0.08953660, -0.10570527, -0.05161564, -0.11956337, -0.14417039, -0.08509109, 0.10624062, -0.12140534, 0.09073594, -0.06511911, 0.12048144, 0.08223283, 0.10952427, 0.02524003, -0.12804416, 0.05609314, 0.11716897
-0.10017997, 0.05638247, -0.05058537, 0.09185616, -0.15500716, -0.01247296, -0.03394738, 0.05917794, 0.09763159, 0.10687269, -0.07128904, -0.09929040, -0.05263488, 0.05561720, 0.00301167, -0.02079503, -0.04887279, 0.08095147, 0.02452592, -0.10169022, -0.08600444, -0.13369740, -0.07962701, 0.06263507, -0.16483785
0.11118056, 0.00593974, -0.04291663, -0.00358954, -0.05547678, -0.06550417, 0.03881783, -0.10547794, -0.10842475, -0.01351337, 0.07815762, -0.02704120, 0.08656674, 0.04717733, -0.14034619, -0.11056908, 0.02674435, 0.03937268, -0.09013799, -0.05282098, 0.05833102, 0.09719257, 0.03042846, -0.03576397, 0.05592198
0.02266483, -0.00388431, 0.00921508, 0.08913227, -0.01199760, -0.12816272, -0.10839089, 0.12801849, 0.07251543, -0.08060896, -0.02732541, 0.09690366, 0.02784952, -0.09324741, 0.11137105, 0.11492329, -0.03082975, -0.12118315, 0.12323647, -0.13274625, -0.08535683, 0.13759795, 0.11163964, 0.13727962, -0.12999467
0.06815381, 0.06586773, 0.10276120, -0.06491116, 0.08204035, 0.08978456, -0.06260072, -0.07772425, -0.04939113, -0.07779907, -0.09525245, -0.05721865, -0.08048228, -0.09481073, -0.08203216, -0.06114155, -0.01305121, -0.14136673, -0.00229477, 0.02788556, 0.09170576, 0.06915898, -0.10400574, -0.07166886, 0.09047974
-0.03063844, -0.12332517, -0.07304330, -0.11948810, 0.14150893, 0.11799155, -0.02584918, 0.05051913, -0.07632831, 0.10605978, -0.06263936, -0.11360253, -0.13195807, 0.06303227, -0.03082622, -0.05288343, -0.07480841, 0.12190963, 0.00521018, 0.05626753, -0.02678234, 0.08984945, 0.15944794, 0.10977645, -0.02930466
0.06339030, 0.03707715, -0.08203678, 0.07725161, 0.07643132, -0.14605338, -0.14491757, -0.12817732, -0.13385978, 0.04178732, 0.08426589, -0.02909751, -0.05721824, -0.08372042, -0.10114407, -0.06240603, 0.04977922, -0.12953719, 0.06929472, -0.03576662, -0.08953885, 0.05375194, 0.00522906, 0.01171900, -0.10474083
0.02076970, 0.04153457, -0.11902840, -0.09881906, -0.01999298, -0.06297458, -0.04873762, 0.12456606, -0.10427942, 0.10986145, -0.11582341, -0.06111984, -0.08761028, 0.01995058, 0.05495162, 0.09338479, -0.05116450, -0.07802925, -0.03557398, -0.06811054, -0.10385389, 0.12088724, 0.00699965, -0.03072802, 0.02532354
-0.09995764, 0.08447124, -0.09620762, 0.00621248, -0.02609439, -0.01861298, 0.03215532, 0.09851952, 0.00007916, -0.10880550, 0.12664568, -0.02839192, 0.08145968, -0.12334310, -0.17030160, 0.00286183, 0.02316954, -0.10384267, 0.09748286, -0.11165093, -0.14118055, -0.06575249, 0.00943640, 0.11662366, -0.15895945
0.01437891, 0.09941646, 0.09195169, -0.00295850, 0.01743931, -0.02019636, -0.00921987, -0.10054512, 0.12279115, -0.03762923, 0.03274824, -0.08200527, 0.02281258, 0.06251507, 0.08195766, 0.04163148, 0.08602922, -0.05286826, 0.06900207, -0.09242664, 0.08147195, -0.01775796, -0.05525339, -0.10423038, 0.03942737
0.07525057, 0.10521749, 0.01446371, -0.08628139, -0.05943260, -0.02553046, 0.09327458, -0.10863260, -0.11005959, -0.03334190, 0.12185041, 0.00480262, 0.04860630, -0.04534083, -0.00801915, 0.04960820, 0.04379185, -0.12709264, 0.09551295, 0.02764895, -0.04357469, 0.12520143, 0.03336238, 0.09077194, 0.04194591
0.12912679, 0.13960419, -0.14298180, 0.07531439, 0.06996354, -0.01125891, 0.06613684, 0.00879004, -0.05851671, 0.02866379, -0.04506199, -0.01484264, -0.11979693, 0.04848783, -0.05245065, -0.00693287, 0.06828625, -0.00888977, -0.01393954, -0.12283130, 0.07052841, 0.05359900, -0.05994471, 0.07855835, -0.09443096
-0.06622944, -0.12534390, -0.08425235, 0.07289658, -0.04696644, -0.00716580, 0.13910646, 0.03409860, -0.11754027, -0.11842635, 0.01443917, -0.08447966, 0.06371951, 0.10930381, 0.06629758, 0.09757962, 0.02698033, 0.03700132, -0.05410247, -0.10142748, -0.13189132, -0.15374371, -0.04171582, -0.04168539, -0.11096305
0.08299748, -0.06944428, 0.12301700, -0.04589301, -0.06078365, 0.03949248, 0.04667036, -0.08806046, -0.10457216, 0.10635259, -0.00069337, 0.04475174, 0.09716961, 0.08443308, -0.01291476, -0.01705925, 0.03460977, 0.03437721, -0.11629877, 0.13411288, 0.08790909, 0.09337803, 0.00046447, -0.07324604, -0.13755132
0.10400509, -0.09718937, -0.05738693, 0.04774841, 0.06287457, -0.11618237, 0.04150076, -0.13563365, -0.02225157, -0.15623288, -0.08521641, 0.04672190, 0.06678486, -0.01886205, 0.10495506, 0.13681231, -0.04463871, 0.05215469, 0.10906313, 0.08690721, 0.06689683, -0.00541207, 0.01315492, -0.06920022, -0.14834383
0.08007077, -0.13468075, 0.04854155, 0.07066188, 0.08260710, -0.08563397, 0.01341018, -0.07239638, 0.06239706, 0.01237240, 0.16472763, -0.11712839, 0.01448046, 0.11896155, 0.05817962, -0.09702614, -0.06337059, -0.13157848, 0.13605580, 0.04175178, -0.17229153, -0.05908027, 0.08425493, -0.16350929, 0.06881988
0.14266915, 0.08175586, 0.11036095, -0.11154321, 0.12180106, 0.13893850, 0.07508764, 0.00441443, -0.02231295, 0.06627537, -0.13400667, -0.08259227, -0.09130064, 0.10169341, 0.02536952, -0.13273176, -0.00953139, -0.09299716, 0.09000682, -0.00713679, 0.02923272, 0.08635298, -0.03905244, 0.08898082, -0.09619171
-0.09750032, -0.07046502, -0.15705570, 0.00282107, 0.08764626, -0.07674056, 0.10590771, -0.04583151, -0.02719186, -0.17950829, 0.13757650, -0.10282861, -0.08194560, 0.13699725, 0.07785582, -0.01975520, -0.03692893, -0.06947429, 0.02247415, 0.12243638, 0.06505177, 0.12327059, -0.11241236, 0.14052570, -0.00034370
-0.12663747, 0.08319440, 0.07026143, 0.02267143, -0.00450090, 0.13796206, -0.05970876, -0.08628199, -0.08159594, -0.09579953, -0.02045501, -0.14360748, 0.01067353, -0.10800789, 0.08722234, -0.12138213, -0.14218472, -0.14257254, -0.00211996, -0.04050201, -0.00932691, -0.02449418, 0.06893342, 0.01039041, 0.00411814
0.10948675, -0.05987054, 0.02789784, -0.02961321, -0.10293235, 0.07897830, 0.14873367, -0.07677728, 0.01542431, 0.09099422, 0.11501113, -0.12084925, -0.03008884, -0.01211239, 0.08546267, -0.04643138, 0.06128158, 0.10845574, -0.09389924, -0.07467664, 0.03436723, -0.05131176, 0.09959748, 0.06274672, 0.09491571
-----
-0.18162056, -0.29409255, 0.05119060, 0.06969738
-0.42766309, -0.00159692, -0.14091735, 0.32362978
0.41395498, 0.13421686, 0.04624186, -0.25445879
-0.10292538, -0.35067176, -0.10991616, 0.21543985
0.06021960, 0.23166549, -0.26089044, -0.08339090
-0.09917291, 0.18828083, 0.18796236, -0.31754487
0.00897999, 0.09371788, 0.25641645, -0.12978583
-0.00525752, 0.19265639, 0.15004598, 0.07352042
-0.29963381, -0.31089572, 0.25329466, 0.24155434
0.37855609, 0.15871907, 0.16737260, 0.49677997
0.32290945, 0.01186197, -0.33908098, 0.03254314
-0.02091882, -0.11860858, -0.29781736, -0.10041448
-0.33643434, -0.16119335, 0.02446326, -0.22130210
-0.14960577, -0.40747365, 0.37588438, -0.07110685
-0.15887400, 0.18411234, 0.40048358, -0.17147076
-0.42273455, 0.18892608, -0.12924215, -0.12023153
-0.04489226, -0.28122104, 0.19266495, -0.33917924
0.01492195, 0.02484745, -0.37177961, -0.55444957
0.04757032, 0.26512008, -0.36174241, -0.32785329
-0.05122474, -0.30700160, -0.10727181, 0.13883719
-0.09882937, 0.13052477, -0.08564673, 0.04946052
-0.15708126, 0.04425570, -0.10970774, -0.20262481
0.01870622, 0.22943290, 0.33999616, -0.30047679
0.25454824, -0.20585199, 0.41066932, -0.04718291
-0.20379382, 0.29598532, 0.09157682, 0.10701607
-0.16873128, 0.04567274, 0.07532251, 0.03243043
